# rewards
0.0
5.0
22.0
42.0
64.0
85.5
113.0
142.5
164.5
188.0
210.0
241.0
268.0
288.0
319.0
342.5
361.0
385.5
407.0
433.0
451.0
475.0
495.0
517.0
541.0
558.0
578.5
602.0
626.0
644.0
663.0
683.0
703.5
724.5
744.5
764.0
789.0
809.5
827.5
848.5
867.0
889.0
918.5
950.0
972.0
991.0
1018.5
1042.0
1068.0
1087.0
1109.0
1133.0
1154.5
1176.5
1204.5
1231.5
1249.5
1273.5
1293.5
1315.0
1333.5
1355.5
1377.5
1395.5
1419.5
1441.5
1463.5
1482.5
1507.0
1529.0
1547.0
1566.0
1589.5
1611.5
1631.5
1655.0
1673.0
1704.5
1724.5
1750.5
1760.0
1778.0
1798.0
1815.0
1835.0
1857.0
1884.0
1915.0
1930.5
1954.5
1975.5
1994.5
2014.5
2034.5
2055.0
2078.5
2099.0
2116.0
2134.0
2156.0
